1.100000000000000000e+02
1.320000000000000000e+02
1.283220000000000000e+05
1.428000000000000000e+03
1.237840000000000000e+05
5.752500000000000000e+04
2.848000000000000000e+03
2.646850000000000000e+05
2.965700000000000000e+04
2.380700000000000000e+04
4.929020000000000000e+05
1.099357000000000000e+06
8.394890000000000000e+05
1.638190000000000000e+05
1.052270000000000000e+05
1.029100000000000000e+05
3.859100000000000000e+04
3.885300000000000000e+04
1.984470000000000000e+05
3.774000000000000000e+03
1.779490000000000000e+05
7.227900000000000000e+04
9.370000000000000000e+02
2.210680000000000000e+05
2.459000000000000000e+04
3.791800000000000000e+04
2.008170000000000000e+05
5.704870000000000000e+05
3.557940000000000000e+05
1.399120000000000000e+05
1.080000000000000000e+02
1.020000000000000000e+02
1.920000000000000000e+02
2.320000000000000000e+02
1.307130000000000000e+05
6.465100000000000000e+04
1.497890000000000000e+05
1.991420000000000000e+05
8.822000000000000000e+03
2.820480000000000000e+05
1.559300000000000000e+04
1.990000000000000000e+02
2.218650000000000000e+05
2.403619000000000000e+06
1.153837000000000000e+06
1.142741000000000000e+06
1.119870000000000000e+06
7.250560000000000000e+05
2.350000000000000000e+02
2.260000000000000000e+02
5.484200000000000000e+04
5.472800000000000000e+04
3.691870000000000000e+05
8.351460000000000000e+05
8.290540000000000000e+05
2.718061000000000000e+06
1.588242000000000000e+06
1.405546000000000000e+06
2.296385000000000000e+06
2.740552000000000000e+06
3.597720000000000000e+05
4.448680000000000000e+05
6.882190000000000000e+05
2.562510000000000000e+05
2.310000000000000000e+03
3.872000000000000000e+03
8.152700000000000000e+04
1.864600000000000000e+04
1.206034000000000000e+06
1.855121000000000000e+06
1.209689000000000000e+06
2.791656000000000000e+06
2.377685000000000000e+06
1.430640000000000000e+06
3.011627000000000000e+06
3.732867000000000000e+06
3.746630000000000000e+05
5.049130000000000000e+05
5.347790000000000000e+05
2.581660000000000000e+05
3.281600000000000000e+04
3.548200000000000000e+04
2.691580000000000000e+05
2.614740000000000000e+05
1.381478000000000000e+06
1.110552000000000000e+06
1.334307000000000000e+06
8.328340000000000000e+05
9.252030000000000000e+05
2.284820000000000000e+05
2.055458000000000000e+06
6.503656000000000000e+06
1.002233000000000000e+06
1.336161000000000000e+06
9.040940000000000000e+05
4.488000000000000000e+05
1.081000000000000000e+03
1.745000000000000000e+03
2.138020000000000000e+05
5.057510000000000000e+05
1.073897000000000000e+06
1.329562000000000000e+06
2.033962000000000000e+06
2.860561000000000000e+06
2.050915000000000000e+06
3.310773000000000000e+06
5.481247000000000000e+06
2.748948000000000000e+06
1.531040000000000000e+06
1.187416000000000000e+06
5.497130000000000000e+05
3.960180000000000000e+05
1.606900000000000000e+05
1.557210000000000000e+05
5.793640000000000000e+05
1.196060000000000000e+06
1.709595000000000000e+06
9.342810000000000000e+05
3.806710000000000000e+06
4.863185000000000000e+06
2.932972000000000000e+06
1.175568000000000000e+06
4.132474000000000000e+06
1.098873000000000000e+06
5.855401000000000000e+06
2.475030000000000000e+05
8.551000000000000000e+03
2.590840000000000000e+05
1.587000000000000000e+04
2.121700000000000000e+04
3.356050000000000000e+05
3.074051000000000000e+06
2.188146000000000000e+06
3.381581000000000000e+06
1.183143200000000000e+07
7.908346000000000000e+06
9.656800000000000000e+05
6.665300000000000000e+05
5.953848000000000000e+06
2.090402000000000000e+06
2.545255000000000000e+06
5.229380000000000000e+05
5.037490000000000000e+05
2.285290000000000000e+05
8.537840000000000000e+05
1.155920000000000000e+06
2.438660000000000000e+06
1.613320000000000000e+06
8.434980000000000000e+05
1.817600000000000000e+06
4.896720000000000000e+06
9.888246000000000000e+06
3.182621000000000000e+06
2.785420000000000000e+06
3.805579000000000000e+06
3.755872000000000000e+06
2.019458000000000000e+06
4.500000000000000000e+02
1.944100000000000000e+05
2.047000000000000000e+03
1.142000000000000000e+05
2.040200000000000000e+04
4.269270000000000000e+05
2.922408000000000000e+06
1.185041000000000000e+06
1.320282000000000000e+06
2.045166000000000000e+06
4.771639000000000000e+06
5.516502000000000000e+06
5.955136000000000000e+06
7.859170000000000000e+06
2.348734000000000000e+06
3.932320000000000000e+05
2.783890000000000000e+05
1.444350000000000000e+05
2.530000000000000000e+02
1.320910000000000000e+05
1.536520000000000000e+05
5.073820000000000000e+05
3.192580000000000000e+05
1.296400000000000000e+05
2.597960000000000000e+05
2.186979000000000000e+06
9.275090000000000000e+05
1.342410000000000000e+05
2.860480000000000000e+06
6.293793000000000000e+06
7.068608000000000000e+06
3.015673000000000000e+06
2.381827000000000000e+06
2.898070000000000000e+05
4.570000000000000000e+03
2.864000000000000000e+03
1.959400000000000000e+04
1.897750000000000000e+05
1.655020000000000000e+05
2.680000000000000000e+05
5.881200000000000000e+04
1.914510000000000000e+05
2.380112000000000000e+06
8.372060000000000000e+05
2.675904000000000000e+06
1.693220000000000000e+06
1.719054000000000000e+06
6.409400000000000000e+04
4.516120000000000000e+05
7.017590000000000000e+05
3.358860000000000000e+05
4.249600000000000000e+04
3.335900000000000000e+04
1.167560000000000000e+05
1.814100000000000000e+04
2.183200000000000000e+04
2.753400000000000000e+04
4.888660000000000000e+05
8.502280000000000000e+05
9.158950000000000000e+05
1.386854000000000000e+06
1.090373000000000000e+06
8.887270000000000000e+05
7.455380000000000000e+05
9.837610000000000000e+05
7.493630000000000000e+05
9.132600000000000000e+05
4.942300000000000000e+04
1.233070000000000000e+05
1.710000000000000000e+02
8.787000000000000000e+03
1.870000000000000000e+02
3.160000000000000000e+02
6.976100000000000000e+05
3.926600000000000000e+04
2.036130000000000000e+05
3.608830000000000000e+05
7.284800000000000000e+04
7.176100000000000000e+04
5.697000000000000000e+03
1.518790000000000000e+05
3.786000000000000000e+03
2.050000000000000000e+02
9.627100000000000000e+04
2.185000000000000000e+04
9.542000000000000000e+03
6.063000000000000000e+03
4.613000000000000000e+03
5.535000000000000000e+03
6.860770000000000000e+05
2.910500000000000000e+04
2.248500000000000000e+04
3.122510000000000000e+05
3.849290000000000000e+05
5.505800000000000000e+04
3.355000000000000000e+03
1.312010000000000000e+05
1.988000000000000000e+03
8.200000000000000000e+02
